  1	     10	205.00000	 0.000000	0.000000	0	0	20.9139	-44.444	 205.0	0.00000	0.3333
  2	     30	215.00000	 0.000000	0.000000	0	0	20.4855	-44.444	 215.0	0.00000	0.3333
  3	     50	225.00000	 0.000000	0.000000	0	0	20.0743	-44.444	 225.0	0.00000	0.3333
  4	     70	235.00000	 0.000000	0.000000	0	0	19.6792	-44.444	 235.0	0.00000	0.3333
  5	     90	245.00000	 0.000000	0.000000	0	0	19.2994	-44.444	 245.0	0.00000	0.3333
  6	    110	255.00000	 0.000000	0.000000	0	0	18.9340	-44.444	 255.0	0.00000	0.3333
  7	    130	265.00000	 0.000000	0.000000	0	0	18.5822	-44.444	 265.0	0.00000	0.3333
  8	    150	275.00000	 0.000000	0.000000	0	0	18.2432	-44.444	 275.0	0.00000	0.3333
  9	    170	285.00000	 0.000000	0.000000	0	0	17.9163	-44.444	 285.0	0.00000	0.3333
 10	    190	295.00000	 0.000000	0.000000	0	0	17.6010	-44.444	 295.0	0.00000	0.3333
 11	    210	305.00000	 0.000000	0.000000	0	0	17.2965	-44.444	 305.0	0.00000	0.3333
 12	    230	315.00000	 0.000000	0.000000	0	1	17.0025	-44.444	 315.0	0.00000	0.3333
 13	    250	325.00000	 0.000340	0.003400	85	2	16.7182	-16.801	 325.0	0.00340	0.3333
 14	    270	335.00000	 0.000492	0.008320	123	3	16.4433	-15.191	 335.0	0.00832	0.3333
 15	    290	345.00000	 0.000600	0.014320	150	5	16.1773	-14.329	 345.0	0.01432	0.3333
 16	    310	355.00000	 0.000592	0.020240	148	7	15.9198	-13.915	 355.0	0.02024	0.3333
 17	    330	365.00000	 0.000852	0.028760	213	11	15.6703	-13.196	 365.0	0.02876	0.3333
 18	    350	375.00000	 0.000936	0.038120	234	17	15.4285	-12.784	 375.0	0.03812	0.3333
 19	    370	385.00000	 0.001048	0.048600	262	26	15.1941	-12.403	 385.0	0.04860	0.3333
 20	    390	395.00000	 0.001360	0.062200	340	38	14.9667	-11.887	 395.0	0.06220	0.3333
 21	    410	405.00000	 0.001516	0.077360	379	55	14.7460	-11.536	 405.0	0.07736	0.3333
 22	    430	415.00000	 0.001884	0.096200	471	79	14.5317	-11.086	 415.0	0.09620	0.3333
 23	    450	425.00000	 0.002056	0.116760	514	111	14.3236	-10.777	 425.0	0.11676	0.3333
 24	    470	435.00000	 0.002404	0.140800	601	156	14.1213	-10.411	 435.0	0.14080	0.3333
 25	    490	445.00000	 0.002688	0.167680	672	217	13.9247	-10.095	 445.0	0.16768	0.3333
 26	    510	455.00000	 0.002948	0.197160	737	298	13.7334	 -9.809	 455.0	0.19716	0.3333
 27	    530	465.00000	 0.003740	0.234560	935	406	13.5474	 -9.370	 465.0	0.23456	0.3333
 28	    550	475.00000	 0.003700	0.271560	925	548	13.3663	 -9.184	 475.0	0.27156	0.3333
 29	    570	485.00000	 0.004364	0.315200	1091	735	13.1900	 -8.828	 485.0	0.31520	0.3333
 30	    590	495.00000	 0.004596	0.361160	1149	978	13.0183	 -8.583	 495.0	0.36116	0.3333
 31	    610	505.00000	 0.004800	0.409160	1200	1291	12.8510	 -8.352	 505.0	0.40916	0.3333
 32	    630	515.00000	 0.004864	0.457800	1216	1693	12.6879	 -8.157	 515.0	0.45780	0.3333
 33	    650	525.00000	 0.005044	0.508240	1261	2205	12.5290	 -7.942	 525.0	0.50824	0.3333
 34	    670	535.00000	 0.004860	0.556840	1215	2852	12.3739	 -7.803	 535.0	0.55684	0.3333
 35	    690	545.00000	 0.004836	0.605200	1209	3667	12.2227	 -7.636	 545.0	0.60520	0.3333
 36	    710	555.00000	 0.004756	0.652760	1189	4685	12.0751	 -7.479	 555.0	0.65276	0.3333
 37	    730	565.00000	 0.004140	0.694160	1035	5952	11.9310	 -7.449	 565.0	0.69416	0.3333
 38	    750	575.00000	 0.003072	0.724880	768	7518	11.7904	 -7.604	 575.0	0.72488	0.3333
 39	    770	585.00000	 0.002460	0.749480	615	9445	11.6530	 -7.709	 585.0	0.74948	0.3333
 40	    790	595.00000	 0.001644	0.765920	411	11804	11.5187	 -8.019	 595.0	0.76592	0.3333
 41	    810	605.00000	 0.000936	0.775280	234	14678	11.3876	 -8.522	 605.0	0.77528	0.3333
 42	    830	615.00000	 0.000584	0.781120	146	18161	11.2594	 -8.956	 615.0	0.78112	0.3333
 43	    850	625.00000	 0.000276	0.783880	69	22364	11.1340	 -9.684	 625.0	0.78388	0.3333
 44	    870	635.00000	 0.000220	0.786080	55	27415	11.0114	 -9.899	 635.0	0.78608	0.3333
 45	    890	645.00000	 0.000264	0.788720	66	33457	10.8915	 -9.704	 645.0	0.78872	0.3333
 46	    910	655.00000	 0.000268	0.791400	67	40657	10.7741	 -9.675	 655.0	0.79140	0.3333
 47	    930	665.00000	 0.000292	0.794320	73	49200	10.6593	 -9.575	 665.0	0.79432	0.3333
 48	    950	675.00000	 0.000352	0.797840	88	59300	10.5469	 -9.371	 675.0	0.79784	0.3333
 49	    970	685.00000	 0.000456	0.802400	114	71195	10.4368	 -9.090	 685.0	0.80240	0.3333
 50	    990	695.00000	 0.000532	0.807720	133	85153	10.3290	 -8.909	 695.0	0.80772	0.3333
 51	   1010	705.00000	 0.000616	0.813880	154	101477	10.2234	 -8.730	 705.0	0.81388	0.3333
 52	   1030	715.00000	 0.000768	0.821560	192	120501	10.1199	 -8.470	 715.0	0.82156	0.3333
 53	   1050	725.00000	 0.000744	0.829000	186	142599	10.0185	 -8.456	 725.0	0.82900	0.3333
 54	   1070	735.00000	 0.000928	0.838280	232	168188	 9.9192	 -8.183	 735.0	0.83828	0.3333
 55	   1090	745.00000	 0.000968	0.847960	242	197726	 9.8217	 -8.078	 745.0	0.84796	0.3333
 56	   1110	755.00000	 0.000992	0.857880	248	231721	 9.7262	 -7.985	 755.0	0.85788	0.3333
 57	   1130	765.00000	 0.001112	0.869000	278	270732	 9.6325	 -7.790	 765.0	0.86900	0.3333
 58	   1150	775.00000	 0.001152	0.880520	288	315374	 9.5406	 -7.671	 775.0	0.88052	0.3333
 59	   1170	785.00000	 0.001332	0.893840	333	366318	 9.4505	 -7.421	 785.0	0.89384	0.3333
 60	   1190	795.00000	 0.001256	0.906400	314	424300	 9.3620	 -7.357	 795.0	0.90640	0.3333
 61	   1210	805.00000	 0.001448	0.920880	362	490121	 9.2751	 -7.069	 805.0	0.92088	0.3333
 62	   1230	815.00000	 0.001420	0.935080	355	564655	 9.1899	 -6.906	 815.0	0.93508	0.3333
 63	   1250	825.00000	 0.001300	0.948080	325	648848	 9.1062	 -6.784	 825.0	0.94808	0.3333
 64	   1270	835.00000	 0.001212	0.960200	303	743727	 9.0240	 -6.610	 835.0	0.96020	0.3333
 65	   1290	845.00000	 0.001008	0.970280	252	850402	 8.9433	 -6.516	 845.0	0.97028	0.3333
 66	   1310	855.00000	 0.000748	0.977760	187	970069	 8.8641	 -6.523	 855.0	0.97776	0.3333
 67	   1330	865.00000	 0.000696	0.984720	174	1104018	 8.7862	 -6.265	 865.0	0.98472	0.3333
 68	   1350	875.00000	 0.000544	0.990160	136	1253636	 8.7097	 -6.106	 875.0	0.99016	0.3333
 69	   1370	885.00000	 0.000432	0.994480	108	1420410	 8.6345	 -5.833	 885.0	0.99448	0.3333
 70	   1390	895.00000	 0.000200	0.996480	50	1605931	 8.5605	 -6.084	 895.0	0.99648	0.3333
 71	   1410	905.00000	 0.000148	0.997960	37	1811904	 8.4879	 -5.891	 905.0	0.99796	0.3333
 72	   1430	915.00000	 0.000088	0.998840	22	2040147	 8.4164	 -5.857	 915.0	0.99884	0.3333
 73	   1450	925.00000	 0.000084	0.999680	21	2292595	 8.3462	 -5.032	 925.0	0.99968	0.3333
 74	   1470	935.00000	 0.000016	0.999840	4	2571312	 8.2771	 -5.652	 935.0	0.99984	0.3333
 75	   1490	945.00000	 0.000008	0.999920	2	2878485	 8.2092	 -5.652	 945.0	0.99992	0.3333
 76	   1510	955.00000	 0.000004	0.999960	1	3216437	 8.1423	 -5.652	 955.0	0.99996	0.3333
 77	   1530	965.00000	 0.000000	0.999960	0	3587628	 8.0766	   -inf	 965.0	0.99996	0.3333
 78	   1550	975.00000	 0.000004	1.000000	1	3994659	 8.0119	 44.444	 975.0	1.00000	0.3333
 79	   1570	985.00000	 0.000000	1.000000	0	4440278	 7.9482	 44.444	 985.0	1.00000	0.3333
 80	   1590	995.00000	 0.000000	1.000000	0	4927381	 7.8855	 44.444	 995.0	1.00000	0.3333
 81	   1610	1005.00000	 0.000000	1.000000	0	5459021	 7.8238	 44.444	1005.0	1.00000	0.3333
 82	   1630	1015.00000	 0.000000	1.000000	0	6038409	 7.7631	 44.444	1015.0	1.00000	0.3333
 83	   1650	1025.00000	 0.000000	1.000000	0	6668918	 7.7033	 44.444	1025.0	1.00000	0.3333
 84	   1670	1035.00000	 0.000000	1.000000	0	7354087	 7.6444	 44.444	1035.0	1.00000	0.3333
 85	   1690	1045.00000	 0.000000	1.000000	0	8097626	 7.5864	 44.444	1045.0	1.00000	0.3333
 86	   1710	1055.00000	 0.000000	1.000000	0	8903419	 7.5293	 44.444	1055.0	1.00000	0.3333
 87	   1730	1065.00000	 0.000000	1.000000	0	9775525	 7.4730	 44.444	1065.0	1.00000	0.3333
 88	   1750	1075.00000	 0.000000	1.000000	0	10718187	 7.4176	 44.444	1075.0	1.00000	0.3333
 89	   1770	1085.00000	 0.000000	1.000000	0	11735830	 7.3630	 44.444	1085.0	1.00000	0.3333
 90	   1790	1095.00000	 0.000000	1.000000	0	12833067	 7.3091	 44.444	1095.0	1.00000	0.3333
