  1	     10	205.00000	 0.000000	0.000000	0	0	20.9139	-44.444	 205.0	0.00000	0.3333
  2	     30	215.00000	 0.000000	0.000000	0	0	20.4855	-44.444	 215.0	0.00000	0.3333
  3	     50	225.00000	 0.000000	0.000000	0	0	20.0743	-44.444	 225.0	0.00000	0.3333
  4	     70	235.00000	 0.000000	0.000000	0	0	19.6792	-44.444	 235.0	0.00000	0.3333
  5	     90	245.00000	 0.000000	0.000000	0	0	19.2994	-44.444	 245.0	0.00000	0.3333
  6	    110	255.00000	 0.000000	0.000000	0	0	18.9340	-44.444	 255.0	0.00000	0.3333
  7	    130	265.00000	 0.000000	0.000000	0	0	18.5822	-44.444	 265.0	0.00000	0.3333
  8	    150	275.00000	 0.000000	0.000000	0	0	18.2432	-44.444	 275.0	0.00000	0.3333
  9	    170	285.00000	 0.000000	0.000000	0	0	17.9163	-44.444	 285.0	0.00000	0.3333
 10	    190	295.00000	 0.000000	0.000000	0	0	17.6010	-44.444	 295.0	0.00000	0.3333
 11	    210	305.00000	 0.000000	0.000000	0	0	17.2965	-44.444	 305.0	0.00000	0.3333
 12	    230	315.00000	 0.000000	0.000000	0	1	17.0025	-44.444	 315.0	0.00000	0.3333
 13	    250	325.00000	 0.000235	0.002349	35	2	16.7182	-17.541	 325.0	0.00235	0.3333
 14	    270	335.00000	 0.000188	0.004227	28	3	16.4433	-16.733	 335.0	0.00423	0.3333
 15	    290	345.00000	 0.000376	0.007985	56	5	16.1773	-15.419	 345.0	0.00798	0.3333
 16	    310	355.00000	 0.000443	0.012414	66	7	15.9198	-14.738	 355.0	0.01241	0.3333
 17	    330	365.00000	 0.000490	0.017312	73	11	15.6703	-14.257	 365.0	0.01731	0.3333
 18	    350	375.00000	 0.000731	0.024626	109	17	15.4285	-13.507	 375.0	0.02463	0.3333
 19	    370	385.00000	 0.000758	0.032208	113	26	15.1941	-13.161	 385.0	0.03221	0.3333
 20	    390	395.00000	 0.001040	0.042609	155	38	14.9667	-12.563	 395.0	0.04261	0.3333
 21	    410	405.00000	 0.001208	0.054687	180	55	14.7460	-12.142	 405.0	0.05469	0.3333
 22	    430	415.00000	 0.001570	0.070389	234	79	14.5317	-11.616	 415.0	0.07039	0.3333
 23	    450	425.00000	 0.001926	0.089646	287	111	14.3236	-11.151	 425.0	0.08965	0.3333
 24	    470	435.00000	 0.001946	0.109106	290	156	14.1213	-10.907	 435.0	0.10911	0.3333
 25	    490	445.00000	 0.002496	0.134067	372	217	13.9247	-10.437	 445.0	0.13407	0.3333
 26	    510	455.00000	 0.002744	0.161511	409	298	13.7334	-10.123	 455.0	0.16151	0.3333
 27	    530	465.00000	 0.003429	0.195800	511	406	13.5474	 -9.682	 465.0	0.19580	0.3333
 28	    550	475.00000	 0.003489	0.230692	520	548	13.3663	 -9.454	 475.0	0.23069	0.3333
 29	    570	485.00000	 0.003992	0.270617	595	735	13.1900	 -9.120	 485.0	0.27062	0.3333
 30	    590	495.00000	 0.004972	0.320338	741	978	13.0183	 -8.687	 495.0	0.32034	0.3333
 31	    610	505.00000	 0.005180	0.372140	772	1291	12.8510	 -8.430	 505.0	0.37214	0.3333
 32	    630	515.00000	 0.005683	0.428974	847	1693	12.6879	 -8.124	 515.0	0.42897	0.3333
 33	    650	525.00000	 0.006012	0.489096	896	2205	12.5290	 -7.852	 525.0	0.48910	0.3333
 34	    670	535.00000	 0.006650	0.555593	991	2852	12.3739	 -7.525	 535.0	0.55559	0.3333
 35	    690	545.00000	 0.006978	0.625377	1040	3667	12.2227	 -7.234	 545.0	0.62538	0.3333
 36	    710	555.00000	 0.007153	0.696907	1066	4685	12.0751	 -6.947	 555.0	0.69691	0.3333
 37	    730	565.00000	 0.006898	0.765886	1028	5952	11.9310	 -6.698	 565.0	0.76589	0.3333
 38	    750	575.00000	 0.006126	0.827149	913	7518	11.7904	 -6.504	 575.0	0.82715	0.3333
 39	    770	585.00000	 0.005536	0.882507	825	9445	11.6530	 -6.237	 585.0	0.88251	0.3333
 40	    790	595.00000	 0.004362	0.926122	650	11804	11.5187	 -6.053	 595.0	0.92612	0.3333
 41	    810	605.00000	 0.003368	0.959807	502	14678	11.3876	 -5.782	 605.0	0.95981	0.3333
 42	    830	615.00000	 0.002100	0.980809	313	18161	11.2594	 -5.587	 615.0	0.98081	0.3333
 43	    850	625.00000	 0.001355	0.994364	202	22364	11.1340	 -5.082	 625.0	0.99436	0.3333
 44	    870	635.00000	 0.000362	0.997987	54	27415	11.0114	 -5.256	 635.0	0.99799	0.3333
 45	    890	645.00000	 0.000134	0.999329	20	33457	10.8915	 -5.191	 645.0	0.99933	0.3333
 46	    910	655.00000	 0.000060	0.999933	9	40657	10.7741	 -4.451	 655.0	0.99993	0.3333
 47	    930	665.00000	 0.000000	0.999933	0	49200	10.6593	   -inf	 665.0	0.99993	0.3333
 48	    950	675.00000	 0.000007	1.000000	1	59300	10.5469	 44.444	 675.0	1.00000	0.3333
 49	    970	685.00000	 0.000000	1.000000	0	71195	10.4368	 44.444	 685.0	1.00000	0.3333
 50	    990	695.00000	 0.000000	1.000000	0	85153	10.3290	 44.444	 695.0	1.00000	0.3333
 51	   1010	705.00000	 0.000000	1.000000	0	101477	10.2234	 44.444	 705.0	1.00000	0.3333
 52	   1030	715.00000	 0.000000	1.000000	0	120501	10.1199	 44.444	 715.0	1.00000	0.3333
 53	   1050	725.00000	 0.000000	1.000000	0	142599	10.0185	 44.444	 725.0	1.00000	0.3333
 54	   1070	735.00000	 0.000000	1.000000	0	168188	 9.9192	 44.444	 735.0	1.00000	0.3333
 55	   1090	745.00000	 0.000000	1.000000	0	197726	 9.8217	 44.444	 745.0	1.00000	0.3333
 56	   1110	755.00000	 0.000000	1.000000	0	231721	 9.7262	 44.444	 755.0	1.00000	0.3333
 57	   1130	765.00000	 0.000000	1.000000	0	270732	 9.6325	 44.444	 765.0	1.00000	0.3333
 58	   1150	775.00000	 0.000000	1.000000	0	315374	 9.5406	 44.444	 775.0	1.00000	0.3333
 59	   1170	785.00000	 0.000000	1.000000	0	366318	 9.4505	 44.444	 785.0	1.00000	0.3333
 60	   1190	795.00000	 0.000000	1.000000	0	424300	 9.3620	 44.444	 795.0	1.00000	0.3333
 61	   1210	805.00000	 0.000000	1.000000	0	490121	 9.2751	 44.444	 805.0	1.00000	0.3333
 62	   1230	815.00000	 0.000000	1.000000	0	564655	 9.1899	 44.444	 815.0	1.00000	0.3333
 63	   1250	825.00000	 0.000000	1.000000	0	648848	 9.1062	 44.444	 825.0	1.00000	0.3333
 64	   1270	835.00000	 0.000000	1.000000	0	743727	 9.0240	 44.444	 835.0	1.00000	0.3333
 65	   1290	845.00000	 0.000000	1.000000	0	850402	 8.9433	 44.444	 845.0	1.00000	0.3333
 66	   1310	855.00000	 0.000000	1.000000	0	970069	 8.8641	 44.444	 855.0	1.00000	0.3333
 67	   1330	865.00000	 0.000000	1.000000	0	1104018	 8.7862	 44.444	 865.0	1.00000	0.3333
 68	   1350	875.00000	 0.000000	1.000000	0	1253636	 8.7097	 44.444	 875.0	1.00000	0.3333
 69	   1370	885.00000	 0.000000	1.000000	0	1420410	 8.6345	 44.444	 885.0	1.00000	0.3333
 70	   1390	895.00000	 0.000000	1.000000	0	1605931	 8.5605	 44.444	 895.0	1.00000	0.3333
 71	   1410	905.00000	 0.000000	1.000000	0	1811904	 8.4879	 44.444	 905.0	1.00000	0.3333
 72	   1430	915.00000	 0.000000	1.000000	0	2040147	 8.4164	 44.444	 915.0	1.00000	0.3333
 73	   1450	925.00000	 0.000000	1.000000	0	2292595	 8.3462	 44.444	 925.0	1.00000	0.3333
 74	   1470	935.00000	 0.000000	1.000000	0	2571312	 8.2771	 44.444	 935.0	1.00000	0.3333
 75	   1490	945.00000	 0.000000	1.000000	0	2878485	 8.2092	 44.444	 945.0	1.00000	0.3333
 76	   1510	955.00000	 0.000000	1.000000	0	3216437	 8.1423	 44.444	 955.0	1.00000	0.3333
 77	   1530	965.00000	 0.000000	1.000000	0	3587628	 8.0766	 44.444	 965.0	1.00000	0.3333
 78	   1550	975.00000	 0.000000	1.000000	0	3994659	 8.0119	 44.444	 975.0	1.00000	0.3333
 79	   1570	985.00000	 0.000000	1.000000	0	4440278	 7.9482	 44.444	 985.0	1.00000	0.3333
 80	   1590	995.00000	 0.000000	1.000000	0	4927381	 7.8855	 44.444	 995.0	1.00000	0.3333
 81	   1610	1005.00000	 0.000000	1.000000	0	5459021	 7.8238	 44.444	1005.0	1.00000	0.3333
 82	   1630	1015.00000	 0.000000	1.000000	0	6038409	 7.7631	 44.444	1015.0	1.00000	0.3333
 83	   1650	1025.00000	 0.000000	1.000000	0	6668918	 7.7033	 44.444	1025.0	1.00000	0.3333
 84	   1670	1035.00000	 0.000000	1.000000	0	7354087	 7.6444	 44.444	1035.0	1.00000	0.3333
 85	   1690	1045.00000	 0.000000	1.000000	0	8097626	 7.5864	 44.444	1045.0	1.00000	0.3333
 86	   1710	1055.00000	 0.000000	1.000000	0	8903419	 7.5293	 44.444	1055.0	1.00000	0.3333
 87	   1730	1065.00000	 0.000000	1.000000	0	9775525	 7.4730	 44.444	1065.0	1.00000	0.3333
 88	   1750	1075.00000	 0.000000	1.000000	0	10718187	 7.4176	 44.444	1075.0	1.00000	0.3333
 89	   1770	1085.00000	 0.000000	1.000000	0	11735830	 7.3630	 44.444	1085.0	1.00000	0.3333
 90	   1790	1095.00000	 0.000000	1.000000	0	12833067	 7.3091	 44.444	1095.0	1.00000	0.3333
